1 1 1 1 5.00
1 2 2 1 5.33
1 2 1 2 5.67
1 3 3 1 6.00
1 1 1 2 6.33
1 1 2 1 6.67
1 1 3 1 7.00
1 1 11 1 7.33
1 2 1 3 7.67
1 1 2 2 8.00
1 1 5 1 8.33
1 4 2 3 8.67
1 1 9 1 9.00
1 1 2 3 9.33
1 1 29 1 9.67
1 1 3 2 10.00
1 1 31 2 10.33
1 1 4 3 10.67
1 1 3 4 11.00
1 4 2 4 11.33
1 1 5 3 11.67
1 1 6 3 12.00
1 1 37 2 12.33
1 2 2 4 12.67
1 2 3 3 13.00
1 2 4 2 13.33
1 1 41 3 13.67
1 2 6 2 14.00
1 1 43 3 14.33
1 3 4 3 14.67
1 3 3 3 15.00
1 4 2 6 15.33
1 2 47 2 15.67
1 2 4 3 16.00
1 2 7 3 16.33
1 2 5 4 16.67
1 6 3 6 17.00
1 3 4 4 17.33
1 2 53 2 17.67
1 2 9 3 18.00
1 4 5 4 18.33
1 2 4 6 18.67
1 3 3 6 19.00
1 2 29 3 19.33
1 2 6 4 20.00
1 2 31 3 20.67
1 2 7 5 21.00
1 2 8 5 21.33
1 2 5 7 21.67
1 2 6 8 22.00
1 3 4 7 22.67
1 6 3 9 23.00
1 4 5 5 23.33
1 3 6 5 24.00
1 2 37 4 24.67
1 5 5 5 25.00
1 4 4 8 25.33
1 3 7 5 25.67
1 4 6 5 26.00
1 3 5 8 26.67
1 4 9 5 27.00
1 3 41 3 27.33
1 4 7 6 28.00
1 3 17 4 28.33
1 3 43 4 28.67
1 3 29 4 29.00
1 4 11 5 29.33
1 3 9 6 30.00
1 5 7 6 30.33
1 8 4 12 30.67
1 3 31 5 31.00
1 3 47 4 31.33
1 5 5 10 31.67
1 4 8 6 32.00
1 6 7 7 32.67
1 4 9 7 33.00
1 5 10 5 33.33
1 3 17 7 34.00
1 5 8 7 34.67
1 4 7 11 35.00
1 5 9 7 36.00
1 4 11 8 36.67
1 4 37 5 37.00
1 4 8 12 37.33
1 6 6 12 38.00
1 4 23 6 38.33
1 4 29 6 38.67
1 5 13 6 39.00
1 5 7 12 39.67
1 5 10 8 40.00
1 5 11 8 40.33
1 4 41 6 41.00
1 4 31 6 41.33
1 5 25 5 41.67
1 4 14 9 42.00
1 5 8 13 42.67
1 4 43 6 43.00
1 5 13 9 43.33
1 5 12 9 44.00
1 7 7 14 44.33
1 5 9 14 45.00
1 6 8 14 45.33
1 5 23 7 46.00
1 5 14 10 46.67
1 7 11 9 47.67
1 6 12 9 48.00
1 5 29 7 48.33
1 6 21 7 49.00
1 5 37 7 49.33
1 5 15 10 50.00
1 6 19 9 50.67
1 5 17 11 51.00
1 6 14 10 51.33
1 5 31 9 51.67
1 7 13 10 52.00
1 6 10 16 53.33
1 7 23 8 53.67
1 5 18 12 54.00
1 6 41 7 54.67
1 7 15 11 55.00
1 7 14 11 56.00
1 9 13 11 56.33
1 6 17 12 56.67
1 8 19 9 57.00
1 6 29 9 58.00
1 6 25 11 58.33
1 7 16 12 58.67
1 6 18 12 60.00
1 9 14 12 60.67
1 7 23 10 61.33
1 7 37 9 61.67
1 8 31 8 62.00
1 7 17 12 62.33
1 8 21 10 63.00
1 7 19 13 63.33
1 8 16 12 64.00
1 7 13 20 65.00
1 11 14 13 65.33
1 8 18 13 66.00
1 7 20 14 66.67
1 7 29 12 67.67
1 9 17 13 68.00
1 9 23 11 69.00
1 10 16 13 69.33
1 8 19 14 69.67
1 7 21 14 70.00
1 9 18 14 72.00
1 7 31 13 72.33
1 9 20 15 73.33
1 11 17 14 73.67
1 9 14 23 74.67
1 8 15 23 75.00
1 10 19 15 76.00
1 8 23 16 76.67
1 9 21 15 77.00
1 9 29 13 77.33
1 12 18 15 78.00
1 10 14 24 79.33
1 10 20 15 80.00
1 10 22 16 80.67
1 12 19 16 82.33
1 9 25 17 83.33
1 11 21 16 84.00
1 10 23 17 84.33
